Rain Rain
0403
0401
0405
0406
0416
0417
0418
0415
0414
0413
0410
0409
0972
0969
0966
0970

Gentle in the Sea
0374
0348
0349
0359
0360
0361
0362
0355

Horse Head
1007
1006
1001
1003

Vote
1459
1477
1473
1472
1476
1514
1511
1512

Dock of Bay
00029
00030
00031
00032
00033
00034
00035
00036
00037
00038
00041

Halloween Hop
1392
1393
1394
1395
1398
1405
1402
1401

Little Bird
0246
0247
0248
0249
0250
0251
0252
0253
0254
0255
0265
0257
0258
0261
0263
0264

SpaceX
0933
0936
0967
0938
0941
0940

Walk Barefoot
0618
0619
0620
0621
0622
0623

Monster Mash
0845
0846
0847
0848
0849
0850

Pond Monster
0867
0868
0857
0858
0859
0860
0856
0855
0854
0853

Halloween 2020
0021
0024
0026
0027
0028
0029
0030
0031
0032
0033
0034
0002
0003

Last Day of Summer
1270
1271
1267
1268
1269
1272
1273
1278
1274
1275
1276
1280
1281
1282
1283

Ballet
1467
1461
1463
1480
1487
1406
1410
1409

Rats & Grapes
0510
0511
0512
0513
0514
0515
0516
0517

Bird Houses
0058
0059
0060
0061
0062
0064
0066

BLM
0353
0354

Hop on Daisies
0463
0465

Summertime Hop Scotch
0965
0973
0964
0963

Take a Dive
0368
0369
0370
0398
0372
0373
0374

Back to School
1060
1061
1062
1063
1064
1067
1065
1068

Authentic Race
1131
1143
1141
1140
1139
1138
1137

Good Feelings
1150
1151
1152
1154
1155

Baby Panda
1057
1055

Ice Cream
0307
0308
0309
0310
0311
0312
0313
0314
0315
0316

Horses
1214
1216
996
995

Candy Corn
1432
1438
1429

Mermaids
0173
0174
0175
0176
0177
0178
0179

Hayride
0132
0133
0134
0135
0136
0137
0138
0139
0140
0141
0142

Fall
1291
1993
1340
1344
1347
1285
1286
1290
1284

Cause it's Raining
0423
0424
0425
0426

Dandelions
0042
0043
0044
0045
0046
0047
0048
0049
0050
0051
0052

Trick or Treat
1449
1450
1452
1453
1454
1455
1456

Twily Julie
0185
0186
0187
0188
0189
0190
0191
0192
0193
0194

Space
0196
0195
0201
0203
0200
0199
0197

Circus
0152
0153
0154
0155
0156
0157
0158

Misc 1
0004
0005
0006
0007
0009
0021
0023
0056
0436
0438
0453
0452
0451
0454
0455

Misc 2
6276
6275
6274
1059
1052
1051
1016
1018
1037
1012
1013

Misc 3
1490
1495
1258
1259
1260
1263
1354
1356
1428
1427
1498
1501
1505

Misc 4
0299
0231
0302
0303
0304
0305
0467
0468
0469
0518
0522
0519
0521
